LNL,LNN,LNS,LHL,LHN,LHS,MNL,MNN,MNS,MHL,MHN,MHS,HNL,HNN,HNS,HHL,HHN,HHS
0.10256410256410256,0.12895486579697105,0.055180686759634126,0.017393912130754235,0.02549107812265707,0.009746588693957114,0.16149347728295096,0.2129254760833708,0.08981856350277403,0.029539661118608486,0.03673714200029989,0.014844804318488529,0.036137351926825614,0.04258509521667416,0.020542810016494228,0.005847953216374269,0.005548058179637127,0.004648373069425701
0.10683396272383969,0.1321720063345109,0.06078694116213912,0.02168351808990133,0.02229260567669631,0.00901449628456572,0.15982458277500305,0.20051163357290777,0.08600316725545133,0.02619076623218419,0.037154342794493846,0.017298087464977463,0.03849433548544281,0.045925204044341576,0.020221707881593373,0.00548178828115483,0.0064563284200268,0.003654525520769887
0.10442429238801869,0.14317120087936247,0.0615553723550426,0.01731244847485573,0.024457268480351745,0.010167628469359714,0.15608683704314372,0.20005496015388843,0.08931025006870019,0.02720527617477329,0.031052486946963453,0.017587249244297883,0.038746908491343775,0.038197306952459466,0.023358065402583127,0.006870019236053861,0.006320417697169552,0.004122011541632316
0.09669211195928754,0.1280746395250212,0.04495335029686175,0.018659881255301103,0.02714164546225615,0.016115351993214587,0.1806615776081425,0.1984732824427481,0.08142493638676845,0.027989821882951654,0.0364715860899067,0.017811704834605598,0.039016115351993216,0.04664970313825276,0.017811704834605598,0.006785411365564037,0.01272264631043257,0.002544529262086514
0.11014686248331108,0.1348464619492657,0.048731642189586116,0.019359145527369826,0.028037383177570093,0.009345794392523364,0.16088117489986647,0.19893190921228304,0.102803738317757,0.022696929238985315,0.04072096128170895,0.010680907877169559,0.0260347129506008,0.04472630173564753,0.015353805073431242,0.010013351134846462,0.010013351134846462,0.006675567423230975
0.11326378539493294,0.13263785394932937,0.06408345752608048,0.020864381520119227,0.029806259314456036,0.00894187779433681,0.17138599105812222,0.19672131147540983,0.08345752608047691,0.03129657228017884,0.03278688524590164,0.011922503725782414,0.026825633383010434,0.05067064083457526,0.013412816691505217,0.005961251862891207,0.0029806259314456036,0.0029806259314456036
0.1069426037312672,0.1294729330206953,0.058823529411764705,0.01886023040065246,0.02293811805484759,0.011418085431746355,0.15332857579773676,0.20511774900601487,0.08940768681822815,0.028647160770720766,0.03792435518401468,0.017127128147619533,0.032826995616270775,0.047609338362728106,0.021001121419104905,0.006932409012131715,0.008461616882454889,0.0031603629320012235
0.10149750415973377,0.1336661120354964,0.05776087473258854,0.017510498375723,0.025433800808176848,0.012281118770303462,0.15703985421123523,0.20442120275730924,0.08858252119483401,0.02789002456223754,0.03486253070279693,0.01711433325410031,0.03771491957848031,0.04928294112986293,0.018382061643292924,0.005229379605419538,0.008319467554076539,0.0030108549243324616
0.11122956645344705,0.1297085998578536,0.05561478322672352,0.020788912579957356,0.026474769012082445,0.009417199715707179,0.15493958777540867,0.20167022032693674,0.08546552949538024,0.030206112295664535,0.04175550817341862,0.01457000710732054,0.03660270078180526,0.04442075337597726,0.018834399431414357,0.005863539445628998,0.009594882729211088,0.0028429282160625444
0.10997732426303855,0.13378684807256236,0.07596371882086168,0.021541950113378686,0.01870748299319728,0.009070294784580499,0.15136054421768708,0.1893424036281179,0.08786848072562359,0.02947845804988662,0.036848072562358274,0.013038548752834467,0.032879818594104306,0.053854875283446714,0.015873015873015872,0.0045351473922902496,0.011337868480725623,0.0045351473922902496
0.10864841373315949,0.1303780964797914,0.054758800521512385,0.01912212081703607,0.022598870056497175,0.012168622338113864,0.1568883094306823,0.19295958279009126,0.08865710560625815,0.030421555845284658,0.035636679704476315,0.020860495436766623,0.03650586701434159,0.05041286397218601,0.020425901781833986,0.007822685788787484,0.007822685788787484,0.003911342894393742
0.10576923076923077,0.125,0.058653846153846154,0.020192307692307693,0.021153846153846155,0.010576923076923078,0.1548076923076923,0.17884615384615385,0.09423076923076923,0.025961538461538463,0.04519230769230769,0.015384615384615385,0.038461538461538464,0.06923076923076923,0.022115384615384617,0.008653846153846154,0.004807692307692308,9.615384615384616E-4
0.10521622826571556,0.12973695942933572,0.05840392331698618,0.020954079358002677,0.020954079358002677,0.008024966562639322,0.16584930896121267,0.20463664734730272,0.0954079358002675,0.0231832367365136,0.03209986625055729,0.018279090503789567,0.03878733838609006,0.04235399019170753,0.020062416406598307,0.007133303611234953,0.006687472135532769,0.002229157378510923
0.10581830554610412,0.13133718952024498,0.06056481796529432,0.0187138482477033,0.027220142905750255,0.010547805375978225,0.159237835998639,0.2089145968016332,0.0843824430078258,0.026539639333106498,0.04321197686287853,0.014630826811840763,0.03402517863218782,0.045933991153453556,0.01735284110241579,0.0023817625042531474,0.006805035726437564,0.0023817625042531474
0.11670663469224621,0.1286970423661071,0.05435651478816946,0.01838529176658673,0.02238209432454037,0.010391686650679457,0.15987210231814547,0.2038369304556355,0.09832134292565947,0.023181454836131096,0.0319744204636291,0.01598721023181455,0.03677058353317346,0.042366107114308556,0.020783373301358914,0.005595523581135092,0.009592326139088728,7.993605115907274E-4
0.12339331619537275,0.10282776349614396,0.07197943444730077,0.012853470437017995,0.017994858611825194,0.012853470437017995,0.14652956298200515,0.2133676092544987,0.10796915167095116,0.02056555269922879,0.030848329048843187,0.017994858611825194,0.02313624678663239,0.043701799485861184,0.028277634961439587,0.010282776349614395,0.012853470437017995,0.002570694087403599
0.12139917695473251,0.1111111111111111,0.06790123456790123,0.00823045267489712,0.02880658436213992,0.00823045267489712,0.12345679012345678,0.21604938271604937,0.11316872427983539,0.0205761316872428,0.0411522633744856,0.02880658436213992,0.03909465020576132,0.037037037037037035,0.018518518518518517,0.0102880658436214,0.00411522633744856,0.00205761316872428
0.10480349344978165,0.14410480349344978,0.06986899563318777,0.017467248908296942,0.008733624454148471,0.008733624454148471,0.1703056768558952,0.1615720524017467,0.10043668122270742,0.034934497816593885,0.03056768558951965,0.021834061135371178,0.034934497816593885,0.048034934497816595,0.013100436681222707,0.013100436681222707,0.004366812227074236,0.013100436681222707
